217.76
 493.75
 19.67
 252.53
 433.36
 183.07
 151.88
 337.18
 381.45
 72.87
 205.98
 339.50
 242.32
 402.32
 299.31
 160.92
 238.54
 134.28
 462.86
 446.76
 201.30
 298.46
 257.13
 307.41
 404.82
 216.00
 343.43
 275.74
 203.33
 152.78
 343.70
 111.03
 468.80
 451.23
 379.89
 140.91
 170.27
 73.67
 373.74
 184.83
 29.29
 345.90
 409.45
 108.72
 205.43
 44.23
 291.40
 300.60
 218.74
 172.84
 318.16
 289.65
 457.09
 72.80
 278.81
 352.76
 77.23
 111.25
 218.42
 312.71
 359.74
 378.38
 162.84
 252.23
 230.43
 369.26
 194.62
 128.48
 38.25
 170.16
 63.51
 210.35
 3.13
 162.89
 375.21
 419.52
 298.41
 192.73
 359.93
 3.49
 172.16
 36.73
 218.12
 23.84
 246.49
 360.85
 172.92
 424.82
 234.66
 159.93
 13.40
 376.54
 188.78
 399.50
 174.77
 274.52
 150.16
 330.56
 246.43
 154.00
 121.41
 52.95
 192.47
 328.26
 172.86
 60.35
 79.06
 355.21
 213.51
 41.87
 159.75
 399.86
 499.12
 231.23
 322.61
 259.97
 330.97
 82.70
 123.51
 189.39
 84.93
 454.49
 433.55
 257.31
 263.13
 387.99
 125.51
 262.06
 101.06
 360.14
 145.19
 217.07
 444.08
 217.23
 405.57
 126.82
 153.02
 195.03
 6.88
 166.68
 90.63
 146.41
 2.35
 488.42
 468.05
 224.66
 216.50
 179.60
 282.94
 378.45
 435.77
 404.31
 421.78
 55.86
 251.05
 498.76
 177.47
 16.16
 321.48
 162.68
 369.29
 119.72
 427.92
 49.18
 115.64
 348.35
 325.88
 363.55
 396.79
 194.38
 166.94
 101.50
 67.53
 354.26
 70.77
 284.72
 213.95
 450.70
 323.32
 13.12
 437.37
 201.49
 158.50
 235.87
 40.77
 149.78
 120.21
 42.18
 406.61
 194.01
 158.28
 254.21
 471.46
 223.95
 292.30
 406.54
 92.99
 216.99
 484.94
 94.53
 420.74
 129.68
 224.79
 355.59
 453.79
 358.54
 258.32
 102.39
 366.53
 443.48
 449.71
 149.46
 475.18
 20.56
 322.20
 188.95
 263.86
 341.78
 30.30
 482.03
 296.35
 440.25
 267.28
 238.60
 92.62
 188.38
 444.96
 495.66
 79.89
 200.13
 383.67
 415.43
 148.33
 116.90
 262.07
 151.77
 33.56
 374.47
 132.00
 458.14
 306.16
 91.39
 450.57
 370.53
 127.44
 157.52
 315.95
 171.94
 107.84
 66.96
 376.17
 466.30
 171.04
 370.02
 295.93
 456.74
 149.14
 494.16
 86.56
 14.65
 41.92
 429.69
 171.25
 343.31
 380.18
 42.40
 162.96
 436.01
 480.98
 443.98
 18.76
 105.45
 37.58
 17.70
 21.01
 208.41
 4.23
 247.97
 377.09
 181.45
 60.39
 124.52
 159.64
 201.69
 72.93
 309.37
 305.88
 234.08
 483.24
 286.50
 9.54
 321.30
 349.35
 65.98
 452.52
 308.12
 395.04
 411.29
 123.41
 211.45
 421.45
 364.07
 220.38
 181.08
 192.31
 89.87
 109.97
 425.30
 53.34
 323.49
 213.58
 113.63
 492.02
 345.04
 305.55
 95.46
 123.29
 38.55
 299.76
 342.99
 177.30
 187.90
 331.73
 236.90
 48.58
 188.89
 224.34
 280.06
 166.55
 326.62
 287.14
 482.12
 96.54
 238.95
 353.24
 492.28
 159.86
 49.67
 466.68
 127.22
 139.63
 22.73
 246.15
 199.44
 192.64
 376.48
 116.68
 21.06
 10.21
 154.93
 371.79
 100.83
 487.91
 246.08
 350.57
 457.80
 248.46
 326.78
 425.54
 17.54
 209.74
 84.21
 7.36
 337.49
 165.77
 158.88
 309.72
 419.75
 335.63
 267.95
 305.84
 489.44
 250.22
 422.19
 480.20
 67.48
 22.95
 95.96
 340.29
 205.52
 98.21
 67.82
 484.07
 81.84
 419.73
 2.71
 19.20
 107.73
 146.36
 100.18
 126.73
 438.01
 55.29
 399.36
 227.25
 147.70
 134.02
 3.80
 346.45
 444.41
 2.64
 129.31
 95.49
 123.68
 325.38
 3.80
 1.41
 426.68
 203.59
 146.30
 371.54
 245.58
 167.62
 109.89
 367.72
 462.72
 407.99
 183.85
 50.27
 400.91
 164.86
 491.24
 329.77
 123.52
 341.50
 261.23
 496.23
 392.56
 396.80
 369.69
 299.20
 305.81
 327.94
 34.35
 475.75
 51.07
 214.18
 228.21
 89.17
 382.74
 223.99
 102.28
 72.58
 244.59
 274.61
 280.46
 47.64
 490.95
 137.85
 24.19
 148.45
 445.79
 223.38
 247.88
 407.09
 433.93
 41.07
 400.96
 102.88
 116.34
 418.18
 126.70
 419.66
 279.42
 497.79
 33.81
 304.18
 316.81
 253.90
 254.84
 468.66
 368.25
 372.99
 254.65
 219.39
 78.11
 239.07
 111.46
 492.12
 73.96
 480.42
 204.99
 361.74
 159.68
 130.37
 396.71
 154.65
 266.05
 299.59
 397.62
 330.73
 497.24
 27.51
 89.99
 340.82
 83.57
 464.64
 84.40
 314.97
 222.65
 477.21
 269.68
 178.81
 207.62
 400.22
 25.92
 79.40
 281.30
 255.19
 155.19
 395.16
 494.93
 64.63
 427.78
 62.52
 314.07
 100.41
 397.75
 472.73
 418.33
 414.76
 399.79
 351.72
 58.68
 341.91
 328.37
 163.20
 406.18
 325.74
 429.36
 415.89
 181.06
 443.04
 446.87
 61.90
 300.78
 298.22
 3.88
 103.87
 67.08
 129.82
 103.81
 69.57
 263.38
 456.71
 106.86
 47.34
 209.67
 397.95
 411.82
 179.45
 96.48
 427.44
 477.03
 230.42
 484.29
 322.48
 92.65
 168.84
 65.24
 325.67
 107.81
 103.92
 201.21
 190.23
 34.97
 387.96
 436.51
 211.35
 107.87
 253.94
 458.97
 142.54
 27.57
 474.76
 72.58
 486.59
 184.45
 270.46
 466.23
 107.85
 199.74
 434.02
 30.69
 344.36
 95.96
 61.05
 82.66
 441.25
 363.78
 160.93
 280.04
 484.45
 79.85
 3.69
 495.59
 317.99
 61.03
 100.89
 227.69
 469.35
 374.79
 447.57
 63.75
 34.52
 240.82
 373.33
 396.58
 179.88
 80.71
 197.19
 448.14
 22.67
 142.25
 302.78
 228.72
 483.65
 216.22
 227.17
 350.84
 484.92
 38.69
 425.31
 85.14
 350.51
 488.37
 37.65
 215.54
 194.99
 171.39
 181.37
 170.16
 248.76
 372.90
 133.07
 449.85
 118.11
 294.73
 99.42
 210.12
 323.74
 257.42
 279.86
 305.72
 165.68
 388.68
 433.91
 348.67
 448.04
 22.06
 289.21
 187.65
 477.32
 224.90
 321.67
 352.09
 375.36
 41.63
 215.99
 303.40
 285.31
 88.26
 148.51
 331.39
 351.04
 237.31
 482.51
 173.44
 16.17
 90.79
 461.74
 324.20
 161.43
 415.43
 65.67
 147.30
 432.69
 130.42
 370.03
 196.50
 218.91
 265.78
 491.65
 211.61
 229.61
 176.94
 492.49
 450.91
 419.08
 11.64
 54.30
 481.44
 108.07
 192.97
 175.21
 161.92
 117.42
 333.29
 222.82
 406.35
 21.18
 121.05
 274.47
 359.42
 201.60
 311.89
 421.22
 334.05
 360.49
 492.04
 476.37
 348.36
 377.02
 248.86
 401.06
 217.75
 13.30
 343.39
 206.74
 26.33
 376.41
 373.18
 112.03
 357.61
 313.85
 238.07
 334.32
 427.49
 456.55
 46.26
 74.61
 209.69
 84.05
 336.12
 499.74
 335.10
 162.36
 203.20
 392.83
 402.53
 18.22
 62.25
 1.86
 402.56
 452.00
 416.86
 163.78
 252.12
 359.89
 49.82
 317.35
 399.73
 428.79
 59.71
 162.61
 156.92
 394.84
 180.11
 468.52
 275.98
 10.86
 189.56
 329.84
 415.23
 424.78
 135.90
 32.05
 387.15
 34.09
 414.73
 179.53
 108.01
 25.35
 30.59
 254.86
 350.45
 390.61
 89.05
 391.45
 313.99
 488.41
 296.33
 355.37
 107.92
 422.96
 337.87
 482.39
 80.67
 12.74
 139.21
 184.98
 417.05
 429.70
 48.02
 51.13
 146.54
 271.73
 481.09
 90.29
 111.63
 269.04
 37.28
 238.91
 93.57
 197.49
 466.82
 418.67
 75.87
 153.74
 302.84
 175.22
 182.93
 350.59
 193.01
 239.99
 47.56
 372.45
 322.89
 270.32
 289.41
 451.43
 483.35
 471.70
 438.57
 290.19
 35.16
 387.90
 450.85
 218.75
 141.39
 251.59
 29.10
 99.58
 239.26
 18.64
 188.87
 312.88
 218.15
 477.81
 476.49
 436.16
 295.92
 214.72
 368.52
 305.87
 6.95
 117.19
 261.40
 85.76
 103.63
 184.37
 12.58
 206.37
 41.42
 448.73
 239.76
 120.84
 483.29
 33.19
 71.71
 216.01
 52.53
 98.89
 179.77
 472.29
 218.68
 305.78
 328.76
 5.71
 424.12
 277.03
 218.85
 17.99
 101.12
 83.83
 190.87
 422.06
 342.19
 323.19
 342.31
 416.27
 499.44
 12.69
 276.00
 179.73
 429.04
 231.97
 92.16
 64.98
 59.22
 286.31
 328.35
 180.62
 313.01
 494.26
 340.31
 120.79
 265.88
 211.81
 99.60
 281.15
 172.32
 202.08
 103.10
 227.00
 272.12
 112.11
 476.87
 399.87
 446.31
 474.68
 460.90
 145.95
 446.73
 461.54
 267.07
 18.33
 20.12
 428.87
 326.20
 163.80
 292.80
 260.17
 139.84
 232.91
 299.57
 486.00
 365.44
 246.26
 459.93
 270.43
 406.28
 165.08
 262.79
 488.20
 67.60
 44.57
 236.79
 397.11
 393.20
 121.07
 134.77
 180.78
 23.11
 478.80
 498.30
 77.96
 311.66
 65.28
 19.12
 261.81
 144.70
 265.31
 250.23
 197.42
 155.93
 59.62
 404.44
 328.45
 155.33
 340.80
 487.88
 171.11
 274.10
 464.67
 111.19
 154.43
 310.17
 318.45
 268.37
 440.27
 392.11
 321.53
 343.08
 378.69
 444.36
 178.02
 459.45
 281.17
 484.87
 442.39
 179.16
 307.21
 54.01
 57.89
 314.01
 420.25
 26.72
 397.64
 404.34
 135.57
 246.65
 123.46
 87.73
 110.39
 262.30
 168.67
 265.78
 54.58
 39.12
 116.27
 88.36
 404.71
 291.89
 394.84
 310.59
 303.20
 64.53
 308.95
 142.79
 39.80
 344.44
 257.32
 133.79
 369.47
 427.87
 226.71
 99.80
 405.08
 288.00
 151.67
 449.21
 156.25
 33.45
 104.04
 115.10
 271.93
 14.41
 457.39
 59.04
 65.01
 341.08
 189.76
 89.15
 2.71
 476.14
 312.88
 378.20
 69.85
 165.72
 124.75
 247.82
 154.72
 285.92
 428.50
 354.54
 473.55
 196.15
 241.84
 489.85
 476.83
 379.45
 123.53
 179.69
 176.42
 104.76
 275.68
 241.73
 431.28
 424.29
 354.50
 374.13
 389.16
 187.51
 76.80
 186.47
 2.90
 223.80
 175.96
 419.64
 388.91
 136.73
 62.88
 371.32
 181.81
 28.68
 147.74
 239.23
 485.42
 149.21
 263.11
 302.35
 135.11
 280.44
 379.28
 464.41
 43.87
 215.90
 429.17
 271.66
 184.44
 437.95
 487.59
 49.08
 491.78
 50.96
 318.10
 293.47
 369.30
 155.87
 386.83
 393.64
 408.06
 247.22
 375.22
 136.34
 469.28
 220.55
 453.70
 317.07
 356.15
 379.11
 175.78
 71.41
 497.02
 274.73
 236.05
 271.92
 317.81
 378.65
 93.00
 85.21
 299.19
 467.15
 486.42
 389.67
 154.00
 157.19
 307.77
 420.65
 22.00
 315.94
 452.39
 22.77
 170.88
 55.76
 382.05
 446.14
 327.94
 175.29
 445.00
 87.36
 490.82
 340.45
 247.84
 462.84
 377.77
 340.81
 369.62
 154.46
 49.19
 80.04
 95.16
 206.68
 199.08
 438.70
 497.94
 326.16
 154.03
 358.86
 260.51
 401.52
 215.70
 371.44
 405.14
 94.09
 205.98
 435.51
 345.74
 371.69
 318.06
 225.75
 105.14
 474.16
 246.18
 34.11
 415.21
 315.70
 480.09
 166.04
 56.76
 367.48
 174.82
 121.00
 257.73
 1.82
 63.24
 463.50
 331.12
 177.70
 78.73
 134.14
 309.64
 241.97
 58.88
 438.63
 353.42
 391.45
 243.05
 235.73
 475.15
 152.05
 170.03
 209.87
 258.15
 417.52
 46.00
 317.62
 190.57
 297.51
 223.24
 283.56
 31.37
 111.81
 50.15
 88.65
 210.17
 491.02
 56.96
 133.43
 223.42
 52.51
 251.82
 206.97
 228.86
 95.45
 141.83
 36.42
 156.36
 247.69
 49.47
 53.97
 54.85
 327.44
 322.85
 77.34
 154.01
 76.53
 128.23
 346.34
 193.99
 197.34
 185.97
 339.87
 475.26
 393.72
 94.88
 444.47
 327.39
 301.29
 185.95
 437.86
 235.10
 368.78
 293.95
 300.11
 276.71
 362.84
 301.40
 158.78
 221.63
 219.44
 391.83
 145.07
 192.05
 498.09
 94.21
 122.03
 168.80
 165.18
 414.90
 129.37
 315.30
 335.54
 183.06
 481.27
 131.79
 23.62
 72.27
 246.09
 297.56
 225.97
 275.41
 315.97
 267.27
 5.40
 302.44
 6.90
 169.86
 420.08
 5.40
 482.08
 431.85
 393.77
 130.07
 450.86
 201.27
 203.80
 466.50
 341.23
 138.56
 414.87
 7.73
 216.18
 496.25
 104.28
 460.70
 369.93
 35.18
 222.57
 487.22
 482.94
 309.68
 424.16
 73.79
 319.86
 204.62
 66.37
 159.78
 286.83
 177.08
 464.63
 358.92
 190.06
 193.86
 316.54
 422.50
 255.68
 101.81
 427.30
 11.40
 418.55
 313.04
 157.72
 301.57
 11.09
 140.33
 125.82
 22.61
 320.83
 378.63
 371.53
 117.09
 51.54
 369.88
 239.98
 479.40
 414.35
 183.01
 284.95
 463.92
 95.81
 342.00
 492.57
 247.28
 420.58
 109.69
 43.53
 73.46
 461.56
 245.88
 232.32
 420.37
 330.62
 438.01
 32.62
 238.46
 204.39
 142.42
 44.53
 70.88
 68.37
 2.14
 372.30
 154.30
 338.68
 241.46
 142.47
 400.62
 396.52
 482.69
 43.62
 90.26
 127.23
 329.61
 398.51
 88.75
 350.15
 279.22
 318.29
 486.77
 499.23
 73.61
 13.41
 183.77
 80.59
 459.47
 323.06
 169.61
 338.23
 53.19
 435.67
 86.60
 152.73
 496.12
 139.35
 489.65
 448.21
 8.77
 297.38
 228.03
 440.06
 49.38
 17.75
 365.45
 190.71
 395.50
 200.21
 223.05
 389.17
 224.71
 379.78
 264.95
 353.81
 485.68
 379.58
 370.82
 55.22
 354.55
 417.66
 352.98
 489.35
 358.18
 347.89
 23.18
 437.02
 449.73
 214.20
 112.37
 37.65
 266.69
 261.53
 441.14
 267.37
 130.01
 451.04
 383.87
 208.67
 483.90
 388.04
 422.59
 12.94
 436.98
 385.70
 412.17
 220.32
 352.77
 164.57
 55.23
 9.95
 87.13
 391.48
 74.68
 82.43
 390.69
 459.52
 129.51
 246.17
 302.95
 9.78
 129.97
 283.57
 438.99
 299.10
 339.99
 442.29
 49.30
 54.66
 432.90
 339.61
 448.34
 403.07
 27.44
 208.43
 54.41
 467.66
 180.93
 283.88
 135.76
 50.97
 348.67
 174.47
 187.31
 217.05
 388.14
 321.30
 361.40
 371.61
 398.78
 127.57
 337.46
 171.32
 425.83
 480.65
 215.41
 327.56
 394.39
 294.77
 96.98
 21.23
 53.96
 228.15
 397.25
 234.00
 201.05
 57.76
 155.61
 409.97
 29.55
 125.72
 141.65
 331.06
 75.88
 487.27
 459.48
 98.24
 490.93
 257.80
 19.78
 17.67
 142.09
 243.40
 289.21
 72.16
 433.49
 254.57
 115.39
 485.39
 227.02
 461.10
 48.86
 179.48
 220.24
 375.79
 166.15
 142.77
 322.78
 432.49
 190.94
 451.34
 213.34
 249.85
 401.27
 289.37
 57.65
 453.75
 312.31
 429.72
 214.50
 470.50
 434.15
 200.20
 181.84
 384.83
 83.75
 424.19
 35.78
 402.57
 180.72
 327.51
 214.19
 60.06
 307.61
 263.64
 150.24
 143.52
 411.66
 16.03
 493.09
 327.60
 27.70
 215.20
 498.57
 241.59
 172.68
 205.02
 33.47
 127.24
 211.35
 384.36
 143.48
 381.09
 407.62
 257.97
 179.79
 110.84
 197.36
 25.13
 89.57
 365.84
 289.81
 141.52
 217.40
 480.66
 174.28
 309.68
 234.02
 370.00
 337.24
 338.19
 171.52
 306.26
 124.10
 259.79
 1.15
 44.77
 64.40
 484.85
 199.92
 216.62
 262.46
 118.21
 362.86
 186.52
 4.65
 349.06
 81.98
 9.91
 146.87
 115.52
 81.45
 317.59
 97.75
 392.67
 435.64
 312.80
 236.56
 178.20
 94.24
 126.72
 34.73
 295.39
 432.46
 81.32
 330.97
 260.10
 144.12
 365.71
 291.30
 422.18
 378.88
 322.83
 416.95
 106.33
 327.88
 420.95
 210.49
 365.58
 191.26
 92.36
 98.25
 377.42
 398.94
 381.93
 99.14
 295.54
 386.41
 382.49
 390.87
 200.13
 264.87
 84.68
 455.55
 495.14
 357.62
 213.60
 315.26
 308.42
 254.82
 207.93
 53.33
 74.45
 308.45
 294.02
 302.49
 104.37
 355.67
 145.39
 220.23
 470.25
 366.74
 303.49
 104.95
 47.94
 235.68
 476.43
 320.62
 3.49
 7.55
 429.01
 484.06
 450.13
 2.78
 17.99
 13.72
 321.68
 40.25
 441.87
 108.22
 343.75
 272.84
 20.65
 32.92
 269.54
 58.61
 208.50
 176.79
 230.82
 247.62
 252.13
 341.76
 260.65
 345.81
 163.46
 469.01
 155.49
 112.17
 279.51
 136.21
 427.93
 384.78
 397.65
 82.01
 144.81
 213.94
 424.15
 295.60
 406.16
 221.12
 133.61
 279.37
 204.87
 89.76
 481.03
 27.20
 241.84
 72.61
 482.48
 9.97
 178.11
 32.54
 406.89
 33.32
 54.22
 191.05
 28.96
 230.90
 391.72
 30.40
 320.53
 203.39
 188.23
 112.96
 360.35
 358.88
 159.62
 17.47
 277.08
 417.42
 231.53
 53.27
 357.52
 239.26
 307.27
 11.55
 403.07
 197.92
 383.11
 335.20
 106.44
 188.71
 45.39
 335.54
 107.72
 57.91
 302.07
 362.85
 483.53
 275.09
 100.32
 248.14
 200.62
 32.83
 171.42
 265.18
 61.96
 123.13
 181.54
 420.37
 393.90
 489.49
 353.18
 480.50
 92.78
 159.90
 448.69
 347.82
 260.44
 450.11
 128.06
 164.51
 495.38
 349.21
 298.09
 376.68
 367.69
 271.39
 129.48
 419.72
 355.73
 73.43
 388.47
 182.07
 431.30
 174.06
 232.69
 5.55
 88.36
 451.32
 477.52
 133.10
 439.48
 215.22
 253.34
 255.57
 48.05
 25.97
 236.56
 127.74
 344.86
 434.58
 455.66
 124.74
 481.75
 330.78
 355.23
 86.34
 33.30
 30.41
 492.17
 338.43
 351.02
 42.19
 375.09
 429.52
 405.83
 34.70
 12.59
 310.71
 165.24
 464.64
 294.66
 491.77
 47.72
 109.85
 312.24
 67.23
 118.25
 307.82
 139.06
 431.75
 47.40
 174.04
 28.25
 71.58
 415.12
 256.29
 295.45
 349.38
 211.64
 221.96
 471.35
 461.86
 321.37
 31.96
 50.86
 424.16
 487.32
 315.54
 377.97
 331.16
 76.68
 216.17
 377.12
 26.21
 67.62
 348.98
 410.99
 304.91
 459.02
 264.18
 166.03
 363.03
 258.40
 315.08
 437.37
 316.34
 398.69
 238.30
 192.85
 380.03
 339.27
 427.79
 180.44
 74.62
 152.69
 437.22
 268.91
 208.23
 229.54
 81.39
 496.69
 364.30
 209.50
 209.94
 118.81
 130.68
 441.01
 240.80
 156.24
 445.22
 191.02
 361.59
 171.54
 129.67
 403.23
 9.85
 97.34
 419.95
 147.38
 209.99
 76.52
 211.50
 363.93
 205.52
 303.67
 95.40
 277.90
 436.66
 365.36
 333.65
 215.58
 443.59
 27.12
 461.22
 226.28
 46.67
 329.82
 380.46
 201.13
 318.09
 227.58
 60.20
 220.93
 327.68
 281.29
 259.64
 93.76
 411.47
 239.62
 107.56
 467.89
 379.80
 14.85
 316.42
 56.95
 494.52
 262.26
 405.06
 318.84
 350.30
 395.54
 390.89
 29.13
 383.35
 434.31
 156.25
 358.21
 188.36
 139.60
 460.04
 90.91
 63.95
 356.65
 449.27
 199.18
 323.08
 446.74
 441.51
 405.58
 